$ANSIBLE_VAULT;1.1;AES256
37646338663361363665396336383565323135636432656465336561353864616138636233623234
3432623539383866663337396637326231313161326137620a313439633061323535363663643938
64333964313039613730666639626638393138366130626562653532363931396636643334616233
6337663731353764370a666161326131326361333738333434373836303733353937373531353832
66343335393636616333383862666365386138373464393565643633663236303261353266333962
37646263643737323562373836396235636539373037323865383830626161313339616232343735
66343831373039626361313164653666376633346433313465613965366166313964646361386166
64333261653661353134316138376565363062376236376464386566333835313736313530326637
35383639653634373764323536356530336531393162343763346437633731313339653466663932
64393561613962303465333037346234343230333966643264386536366566356234313038326631
65626563343330623664393634363538366433323865353836616565643463666661363834333933
32303537356636346164373737363331643137633263653938383964663133336331366662333332
36303739353461363735306365633565623633346536313130373030333934306534366337616333
35616231303830663237353236623938666364383130653630633633303130666163343339376564
31313439393534643535666233323766373536653365303862623264376630303135646236356334
62356434316533366630303832636236616237666164393532353966393761383637313534383434
30643438666365613439323037376537323166303265646166383537303732653237616364643262
65653861646334323763643961346537643131383833346635363637303432376636386133313833
64396531383538373330376335396364636166613232316235333735346665666166653835663336
30333566356465646539643131333035393631643838613337376330366166306237333136326635
31336566646265383863343462643430356535326131383064633634633430646363303336333630
30633063623463323966666664646331653362643038376264316431343233623432373830666332
37326262353033346161383462336230373230626463393862646236396366376339626139646464
66383531646436373661383335383039383064343933623262383632346666646662633766613664
62303064663839656232386532316235303137666133323535313561313938366561656130663166
63323936393132623737383339343762363530343934383638363161633236613337666131313433
37653364373736636165666537363733306365356638633436643635643839633132373164376466
62633462643038376531383361633330366430656562363339666532643732326161386562366566
3236
