$ANSIBLE_VAULT;1.1;AES256
38623566623236663035383436616337613534646239666637313237376430383839333330616536
3839326430383162353234653866396261316436343930380a386133346534326366636661383936
37353965316237386139346266313736343732656634343264336337656133653734623430313163
3331663830313136330a333133376664623030613831333462396133616532353266633035646439
37646536653938336438616664386666306537643231313432636262316435646561396534373963
34363463333938376262613032636361306337636265343134363866356266663439343064623435
31316135643461666661643530636438616165626131363836366234393365633861363037383331
33393237626437383139336238363931306663363962343533666230666664363532326663303334
65633438663361663638323036656161613131333039643433306166616535346130386132396364
35613230653234353338613461656364383231626164633261346462663937643231313762383063
62396138643161656662393934653965393361653963313366376436616239383134333864616236
35666630633632626461333566303435396161643031656436613263396131653438356665633138
36336262353438393266613065616230306630333530643734363561613664383965366534316264
31313162363638356165356339333634353136313038326137356630313233666462373037613938
32333261363034616539393066663436323433653337653234363138613266396134376435643062
65636635656339393832616261636633393935333933376563663838396137393730323838313366
65396132336632653161396538313637653962653964333132663565343531373566396635653235
33323866313330356332373932383239616564643132336364363030616465653261633035363264
35376362646632623635366635366632363633333133653435316132326237333663623139653637
37396433306532313439306531633466303262653062306465616238366636656638656237356162
33383135386532636264663835656464306436356538623834373437663439366366353136636666
35376231613637646431306463326161616431313330313433666434316665333837613131333430
34323565636665333336616166353762303930303265643431326435336366633735303665666436
32366537396361383739303162626637306439643066313634633462623638373232643530653866
3636
